Index	Time	Actin Mean base+0	Actin Area base+0	Actin Mean base+1	Actin Area base+1	Actin Mean base+2	Actin Area base+2	Actin Mean base+3	Actin Area base+3	Actin Mean base+4	Actin Area base+4	Actin Mean base+5	Actin Area base+5	Actin Mean base+6	Actin Area base+6	Actin Mean base+7	Actin Area base+7	Actin Mean base+8	Actin Area base+8	Actin Mean base+9	Actin Area base+9	Actin Mean base+10	Actin Area base+10
1.000	0.000	2104.208	0.531	1810.816	1.083	1605.267	0.332	1445.556	0.398	0.000	0.000	0.000	0.000	0.000	0.000	0.000	0.000	0.000	0.000	0.000	0.000	0.000	0.000
2.000	0.000	1878.938	1.061	1372.737	1.260	0.000	0.000	0.000	0.000	0.000	0.000	0.000	0.000	0.000	0.000	0.000	0.000	0.000	0.000	0.000	0.000	0.000	0.000
3.000	0.000	2082.000	0.199	0.000	0.000	0.000	0.000	0.000	0.000	0.000	0.000	0.000	0.000	0.000	0.000	0.000	0.000	0.000	0.000	0.000	0.000	0.000	0.000
4.000	0.000	1723.634	1.570	0.000	0.000	0.000	0.000	0.000	0.000	0.000	0.000	0.000	0.000	0.000	0.000	0.000	0.000	0.000	0.000	0.000	0.000	0.000	0.000
5.000	0.000	3877.877	2.875	3557.853	3.007	2562.276	2.963	2002.632	1.260	2211.000	0.486	0.000	0.000	0.000	0.000	0.000	0.000	0.000	0.000	0.000	0.000	0.000	0.000
6.000	0.000	2340.594	2.344	2066.057	2.322	1434.797	1.526	0.000	0.000	0.000	0.000	0.000	0.000	0.000	0.000	0.000	0.000	0.000	0.000	0.000	0.000	0.000	0.000
7.000	0.000	1528.259	1.791	0.000	0.000	0.000	0.000	0.000	0.000	0.000	0.000	0.000	0.000	0.000	0.000	0.000	0.000	0.000	0.000	0.000	0.000	0.000	0.000
8.000	0.000	2246.253	1.835	1538.935	1.017	0.000	0.000	0.000	0.000	0.000	0.000	0.000	0.000	0.000	0.000	0.000	0.000	0.000	0.000	0.000	0.000	0.000	0.000
9.000	0.000	1949.014	3.184	1697.035	4.444	1451.696	1.238	0.000	0.000	0.000	0.000	0.000	0.000	0.000	0.000	0.000	0.000	0.000	0.000	0.000	0.000	0.000	0.000
10.000	0.000	1547.058	1.150	0.000	0.000	0.000	0.000	0.000	0.000	0.000	0.000	0.000	0.000	0.000	0.000	0.000	0.000	0.000	0.000	0.000	0.000	0.000	0.000
11.000	0.000	2818.094	1.415	2327.268	4.533	1749.482	4.356	1500.333	0.199	0.000	0.000	0.000	0.000	0.000	0.000	0.000	0.000	0.000	0.000	0.000	0.000	0.000	0.000
12.000	0.000	1490.130	1.194	0.000	0.000	0.000	0.000	0.000	0.000	0.000	0.000	0.000	0.000	0.000	0.000	0.000	0.000	0.000	0.000	0.000	0.000	0.000	0.000
13.000	0.000	1789.649	1.260	1576.020	1.106	0.000	0.000	0.000	0.000	0.000	0.000	0.000	0.000	0.000	0.000	0.000	0.000	0.000	0.000	0.000	0.000	0.000	0.000
14.000	0.000	2014.017	2.565	1681.965	3.140	1411.431	1.437	0.000	0.000	0.000	0.000	0.000	0.000	0.000	0.000	0.000	0.000	0.000	0.000	0.000	0.000	0.000	0.000
15.000	0.000	2252.118	2.056	1770.000	0.730	1845.683	2.300	0.000	0.000	0.000	0.000	0.000	0.000	0.000	0.000	0.000	0.000	0.000	0.000	0.000	0.000	0.000	0.000
16.000	0.000	1960.208	1.592	0.000	0.000	0.000	0.000	0.000	0.000	0.000	0.000	0.000	0.000	0.000	0.000	0.000	0.000	0.000	0.000	0.000	0.000	0.000	0.000
17.000	0.000	1488.160	1.106	0.000	0.000	0.000	0.000	0.000	0.000	0.000	0.000	0.000	0.000	0.000	0.000	0.000	0.000	0.000	0.000	0.000	0.000	0.000	0.000
18.000	0.000	2291.253	1.658	1887.792	4.887	1460.274	1.614	0.000	0.000	0.000	0.000	0.000	0.000	0.000	0.000	0.000	0.000	0.000	0.000	0.000	0.000	0.000	0.000
19.000	0.000	1920.738	3.206	1715.602	2.167	1546.857	1.393	0.000	0.000	0.000	0.000	0.000	0.000	0.000	0.000	0.000	0.000	0.000	0.000	0.000	0.000	0.000	0.000
20.000	0.000	2291.981	4.666	1802.509	3.781	1747.762	1.769	1699.196	1.238	0.000	0.000	0.000	0.000	0.000	0.000	0.000	0.000	0.000	0.000	0.000	0.000	0.000	0.000
21.000	0.000	1737.906	1.415	0.000	0.000	0.000	0.000	0.000	0.000	0.000	0.000	0.000	0.000	0.000	0.000	0.000	0.000	0.000	0.000	0.000	0.000	0.000	0.000
22.000	0.000	1995.880	3.317	1731.850	2.653	0.000	0.000	0.000	0.000	0.000	0.000	0.000	0.000	0.000	0.000	0.000	0.000	0.000	0.000	0.000	0.000	0.000	0.000
23.000	0.000	1759.500	1.327	1444.889	0.199	0.000	0.000	0.000	0.000	0.000	0.000	0.000	0.000	0.000	0.000	0.000	0.000	0.000	0.000	0.000	0.000	0.000	0.000
24.000	0.000	2070.844	3.538	0.000	0.000	0.000	0.000	0.000	0.000	0.000	0.000	0.000	0.000	0.000	0.000	0.000	0.000	0.000	0.000	0.000	0.000	0.000	0.000
25.000	0.000	3109.457	4.113	2676.171	6.346	2504.325	7.894	2485.273	8.093	2146.623	10.923	2064.080	6.324	1881.927	4.865	1692.083	0.265	0.000	0.000	0.000	0.000	0.000	0.000
26.000	0.000	1715.293	2.565	1713.842	3.494	1731.982	2.410	1911.353	2.941	1756.695	4.135	1510.686	1.128	0.000	0.000	0.000	0.000	0.000	0.000	0.000	0.000	0.000	0.000
27.000	0.000	1793.760	2.764	1544.552	0.641	0.000	0.000	0.000	0.000	0.000	0.000	0.000	0.000	0.000	0.000	0.000	0.000	0.000	0.000	0.000	0.000	0.000	0.000
28.000	0.000	2315.133	2.322	2031.759	4.223	1682.359	3.383	1295.000	0.575	0.000	0.000	0.000	0.000	0.000	0.000	0.000	0.000	0.000	0.000	0.000	0.000	0.000	0.000
29.000	0.000	1686.766	1.415	1392.792	1.061	0.000	0.000	0.000	0.000	0.000	0.000	0.000	0.000	0.000	0.000	0.000	0.000	0.000	0.000	0.000	0.000	0.000	0.000
30.000	0.000	1903.596	3.560	1867.485	3.604	1625.009	2.477	0.000	0.000	0.000	0.000	0.000	0.000	0.000	0.000	0.000	0.000	0.000	0.000	0.000	0.000	0.000	0.000
31.000	0.000	2440.289	1.680	1836.945	1.614	0.000	0.000	0.000	0.000	0.000	0.000	0.000	0.000	0.000	0.000	0.000	0.000	0.000	0.000	0.000	0.000	0.000	0.000
32.000	0.000	1846.130	2.034	0.000	0.000	0.000	0.000	0.000	0.000	0.000	0.000	0.000	0.000	0.000	0.000	0.000	0.000	0.000	0.000	0.000	0.000	0.000	0.000
33.000	0.000	1879.561	1.459	1757.642	1.481	1656.611	2.388	0.000	0.000	0.000	0.000	0.000	0.000	0.000	0.000	0.000	0.000	0.000	0.000	0.000	0.000	0.000	0.000
34.000	0.000	1613.617	1.327	0.000	0.000	0.000	0.000	0.000	0.000	0.000	0.000	0.000	0.000	0.000	0.000	0.000	0.000	0.000	0.000	0.000	0.000	0.000	0.000
35.000	0.000	1724.123	1.260	0.000	0.000	0.000	0.000	0.000	0.000	0.000	0.000	0.000	0.000	0.000	0.000	0.000	0.000	0.000	0.000	0.000	0.000	0.000	0.000
36.000	0.000	3055.099	4.489	2777.232	4.666	2354.207	6.744	2126.981	6.877	1621.577	4.334	1523.700	0.884	0.000	0.000	0.000	0.000	0.000	0.000	0.000	0.000	0.000	0.000
37.000	0.000	2161.915	1.813	0.000	0.000	0.000	0.000	0.000	0.000	0.000	0.000	0.000	0.000	0.000	0.000	0.000	0.000	0.000	0.000	0.000	0.000	0.000	0.000
38.000	0.000	1951.585	1.172	0.000	0.000	0.000	0.000	0.000	0.000	0.000	0.000	0.000	0.000	0.000	0.000	0.000	0.000	0.000	0.000	0.000	0.000	0.000	0.000
39.000	0.000	1945.771	1.061	0.000	0.000	0.000	0.000	0.000	0.000	0.000	0.000	0.000	0.000	0.000	0.000	0.000	0.000	0.000	0.000	0.000	0.000	0.000	0.000
40.000	0.000	2013.044	1.504	1975.886	1.548	0.000	0.000	0.000	0.000	0.000	0.000	0.000	0.000	0.000	0.000	0.000	0.000	0.000	0.000	0.000	0.000	0.000	0.000
41.000	0.000	1679.469	1.415	0.000	0.000	0.000	0.000	0.000	0.000	0.000	0.000	0.000	0.000	0.000	0.000	0.000	0.000	0.000	0.000	0.000	0.000	0.000	0.000
42.000	0.000	2151.853	6.036	2275.004	4.975	1757.755	3.604	0.000	0.000	0.000	0.000	0.000	0.000	0.000	0.000	0.000	0.000	0.000	0.000	0.000	0.000	0.000	0.000
43.000	0.000	1790.467	1.990	0.000	0.000	0.000	0.000	0.000	0.000	0.000	0.000	0.000	0.000	0.000	0.000	0.000	0.000	0.000	0.000	0.000	0.000	0.000	0.000
44.000	0.000	1641.000	0.199	0.000	0.000	0.000	0.000	0.000	0.000	0.000	0.000	0.000	0.000	0.000	0.000	0.000	0.000	0.000	0.000	0.000	0.000	0.000	0.000
45.000	0.000	1406.429	0.310	0.000	0.000	0.000	0.000	0.000	0.000	0.000	0.000	0.000	0.000	0.000	0.000	0.000	0.000	0.000	0.000	0.000	0.000	0.000	0.000
46.000	0.000	1396.333	0.199	0.000	0.000	0.000	0.000	0.000	0.000	0.000	0.000	0.000	0.000	0.000	0.000	0.000	0.000	0.000	0.000	0.000	0.000	0.000	0.000
47.000	0.000	2197.694	1.371	1986.543	1.791	2064.288	4.223	1870.081	2.720	1560.333	0.265	0.000	0.000	0.000	0.000	0.000	0.000	0.000	0.000	0.000	0.000	0.000	0.000
48.000	0.000	1724.647	2.631	1303.750	0.265	0.000	0.000	0.000	0.000	0.000	0.000	0.000	0.000	0.000	0.000	0.000	0.000	0.000	0.000	0.000	0.000	0.000	0.000
49.000	0.000	2133.769	2.963	1802.213	2.808	1600.057	1.924	1656.473	2.012	1579.754	1.260	1569.406	0.708	1539.182	0.730	0.000	0.000	0.000	0.000	0.000	0.000	0.000	0.000
50.000	0.000	2196.276	3.206	1902.796	3.140	1624.982	1.216	1531.500	0.663	0.000	0.000	0.000	0.000	0.000	0.000	0.000	0.000	0.000	0.000	0.000	0.000	0.000	0.000
51.000	0.000	1766.785	2.676	1251.298	1.260	0.000	0.000	0.000	0.000	0.000	0.000	0.000	0.000	0.000	0.000	0.000	0.000	0.000	0.000	0.000	0.000	0.000	0.000
52.000	0.000	1961.458	1.835	1652.785	1.437	0.000	0.000	0.000	0.000	0.000	0.000	0.000	0.000	0.000	0.000	0.000	0.000	0.000	0.000	0.000	0.000	0.000	0.000
53.000	0.000	1916.286	1.548	1994.271	4.245	1569.600	0.995	0.000	0.000	0.000	0.000	0.000	0.000	0.000	0.000	0.000	0.000	0.000	0.000	0.000	0.000	0.000	0.000
54.000	0.000	2235.976	1.879	0.000	0.000	0.000	0.000	0.000	0.000	0.000	0.000	0.000	0.000	0.000	0.000	0.000	0.000	0.000	0.000	0.000	0.000	0.000	0.000
55.000	0.000	2151.529	1.504	0.000	0.000	0.000	0.000	0.000	0.000	0.000	0.000	0.000	0.000	0.000	0.000	0.000	0.000	0.000	0.000	0.000	0.000	0.000	0.000
56.000	0.000	2606.983	2.609	2281.972	3.162	0.000	0.000	0.000	0.000	0.000	0.000	0.000	0.000	0.000	0.000	0.000	0.000	0.000	0.000	0.000	0.000	0.000	0.000
57.000	0.000	1817.838	1.636	0.000	0.000	0.000	0.000	0.000	0.000	0.000	0.000	0.000	0.000	0.000	0.000	0.000	0.000	0.000	0.000	0.000	0.000	0.000	0.000
58.000	0.000	1319.000	0.464	0.000	0.000	0.000	0.000	0.000	0.000	0.000	0.000	0.000	0.000	0.000	0.000	0.000	0.000	0.000	0.000	0.000	0.000	0.000	0.000
59.000	0.000	1779.796	2.499	1743.899	2.852	1503.200	1.327	0.000	0.000	0.000	0.000	0.000	0.000	0.000	0.000	0.000	0.000	0.000	0.000	0.000	0.000	0.000	0.000
60.000	0.000	1656.975	0.884	0.000	0.000	0.000	0.000	0.000	0.000	0.000	0.000	0.000	0.000	0.000	0.000	0.000	0.000	0.000	0.000	0.000	0.000	0.000	0.000
61.000	0.000	2583.841	2.499	2182.770	3.074	1997.108	3.472	1806.856	3.847	0.000	0.000	0.000	0.000	0.000	0.000	0.000	0.000	0.000	0.000	0.000	0.000	0.000	0.000
62.000	0.000	1861.333	2.454	0.000	0.000	0.000	0.000	0.000	0.000	0.000	0.000	0.000	0.000	0.000	0.000	0.000	0.000	0.000	0.000	0.000	0.000	0.000	0.000
63.000	0.000	1917.226	2.056	1801.312	1.415	1687.707	1.813	0.000	0.000	0.000	0.000	0.000	0.000	0.000	0.000	0.000	0.000	0.000	0.000	0.000	0.000	0.000	0.000
64.000	0.000	1707.154	5.307	1846.370	4.179	1752.718	3.914	1719.859	3.759	1800.996	4.975	1984.820	5.661	2015.125	8.292	1740.311	5.683	1613.108	0.818	0.000	0.000	0.000	0.000
65.000	0.000	1944.477	0.973	0.000	0.000	0.000	0.000	0.000	0.000	0.000	0.000	0.000	0.000	0.000	0.000	0.000	0.000	0.000	0.000	0.000	0.000	0.000	0.000
66.000	0.000	1843.122	1.813	0.000	0.000	0.000	0.000	0.000	0.000	0.000	0.000	0.000	0.000	0.000	0.000	0.000	0.000	0.000	0.000	0.000	0.000	0.000	0.000
67.000	0.000	1969.338	1.504	1841.603	2.786	1372.167	0.398	0.000	0.000	0.000	0.000	0.000	0.000	0.000	0.000	0.000	0.000	0.000	0.000	0.000	0.000	0.000	0.000
68.000	0.000	2267.255	2.255	0.000	0.000	0.000	0.000	0.000	0.000	0.000	0.000	0.000	0.000	0.000	0.000	0.000	0.000	0.000	0.000	0.000	0.000	0.000	0.000
69.000	0.000	1782.116	1.902	0.000	0.000	0.000	0.000	0.000	0.000	0.000	0.000	0.000	0.000	0.000	0.000	0.000	0.000	0.000	0.000	0.000	0.000	0.000	0.000
70.000	0.000	1553.314	1.902	0.000	0.000	0.000	0.000	0.000	0.000	0.000	0.000	0.000	0.000	0.000	0.000	0.000	0.000	0.000	0.000	0.000	0.000	0.000	0.000
71.000	0.000	2058.100	2.211	1719.484	1.415	0.000	0.000	0.000	0.000	0.000	0.000	0.000	0.000	0.000	0.000	0.000	0.000	0.000	0.000	0.000	0.000	0.000	0.000
72.000	0.000	1617.154	0.862	0.000	0.000	0.000	0.000	0.000	0.000	0.000	0.000	0.000	0.000	0.000	0.000	0.000	0.000	0.000	0.000	0.000	0.000	0.000	0.000
73.000	0.000	1977.877	1.791	0.000	0.000	0.000	0.000	0.000	0.000	0.000	0.000	0.000	0.000	0.000	0.000	0.000	0.000	0.000	0.000	0.000	0.000	0.000	0.000
74.000	0.000	2004.620	1.106	1581.000	0.818	0.000	0.000	0.000	0.000	0.000	0.000	0.000	0.000	0.000	0.000	0.000	0.000	0.000	0.000	0.000	0.000	0.000	0.000
75.000	0.000	2195.480	1.658	2100.557	2.145	1934.890	2.410	1833.320	2.764	1782.893	2.477	0.000	0.000	0.000	0.000	0.000	0.000	0.000	0.000	0.000	0.000	0.000	0.000
76.000	0.000	1844.254	1.305	1429.667	0.597	0.000	0.000	0.000	0.000	0.000	0.000	0.000	0.000	0.000	0.000	0.000	0.000	0.000	0.000	0.000	0.000	0.000	0.000
77.000	0.000	1895.989	2.012	1628.486	2.322	1371.800	0.332	0.000	0.000	0.000	0.000	0.000	0.000	0.000	0.000	0.000	0.000	0.000	0.000	0.000	0.000	0.000	0.000
78.000	0.000	2126.956	2.012	0.000	0.000	0.000	0.000	0.000	0.000	0.000	0.000	0.000	0.000	0.000	0.000	0.000	0.000	0.000	0.000	0.000	0.000	0.000	0.000
79.000	0.000	2072.294	2.410	1669.827	1.658	1768.092	3.361	1562.560	1.106	0.000	0.000	0.000	0.000	0.000	0.000	0.000	0.000	0.000	0.000	0.000	0.000	0.000	0.000
80.000	0.000	2113.353	1.128	1778.606	0.730	0.000	0.000	0.000	0.000	0.000	0.000	0.000	0.000	0.000	0.000	0.000	0.000	0.000	0.000	0.000	0.000	0.000	0.000
81.000	0.000	1936.075	0.884	0.000	0.000	0.000	0.000	0.000	0.000	0.000	0.000	0.000	0.000	0.000	0.000	0.000	0.000	0.000	0.000	0.000	0.000	0.000	0.000
82.000	0.000	2456.261	3.140	2228.971	3.803	2125.068	3.582	2126.290	3.582	2050.673	3.449	2061.335	3.958	0.000	0.000	0.000	0.000	0.000	0.000	0.000	0.000	0.000	0.000
83.000	0.000	1602.667	0.995	0.000	0.000	0.000	0.000	0.000	0.000	0.000	0.000	0.000	0.000	0.000	0.000	0.000	0.000	0.000	0.000	0.000	0.000	0.000	0.000
84.000	0.000	2531.182	2.676	2280.503	3.870	1745.992	5.351	1581.333	0.199	0.000	0.000	0.000	0.000	0.000	0.000	0.000	0.000	0.000	0.000	0.000	0.000	0.000	0.000
85.000	0.000	1756.722	0.796	1693.818	0.486	0.000	0.000	0.000	0.000	0.000	0.000	0.000	0.000	0.000	0.000	0.000	0.000	0.000	0.000	0.000	0.000	0.000	0.000
86.000	0.000	1722.557	1.349	0.000	0.000	0.000	0.000	0.000	0.000	0.000	0.000	0.000	0.000	0.000	0.000	0.000	0.000	0.000	0.000	0.000	0.000	0.000	0.000
87.000	0.000	2004.238	2.875	1796.407	2.720	1351.267	0.332	0.000	0.000	0.000	0.000	0.000	0.000	0.000	0.000	0.000	0.000	0.000	0.000	0.000	0.000	0.000	0.000
88.000	0.000	2732.960	2.742	1913.423	2.720	0.000	0.000	0.000	0.000	0.000	0.000	0.000	0.000	0.000	0.000	0.000	0.000	0.000	0.000	0.000	0.000	0.000	0.000
89.000	0.000	2793.438	4.290	2715.646	6.125	2775.754	5.307	2842.521	4.842	2595.602	10.768	2037.594	8.823	1834.581	3.273	0.000	0.000	0.000	0.000	0.000	0.000	0.000	0.000
90.000	0.000	1993.149	2.078	1850.255	3.560	1723.940	1.835	0.000	0.000	0.000	0.000	0.000	0.000	0.000	0.000	0.000	0.000	0.000	0.000	0.000	0.000	0.000	0.000
91.000	0.000	2208.284	1.946	1678.086	1.282	0.000	0.000	0.000	0.000	0.000	0.000	0.000	0.000	0.000	0.000	0.000	0.000	0.000	0.000	0.000	0.000	0.000	0.000
92.000	0.000	2413.486	4.599	1837.934	4.024	1392.000	0.907	0.000	0.000	0.000	0.000	0.000	0.000	0.000	0.000	0.000	0.000	0.000	0.000	0.000	0.000	0.000	0.000
93.000	0.000	1538.967	1.327	0.000	0.000	0.000	0.000	0.000	0.000	0.000	0.000	0.000	0.000	0.000	0.000	0.000	0.000	0.000	0.000	0.000	0.000	0.000	0.000
94.000	0.000	2151.826	1.902	0.000	0.000	0.000	0.000	0.000	0.000	0.000	0.000	0.000	0.000	0.000	0.000	0.000	0.000	0.000	0.000	0.000	0.000	0.000	0.000
95.000	0.000	2068.778	1.592	0.000	0.000	0.000	0.000	0.000	0.000	0.000	0.000	0.000	0.000	0.000	0.000	0.000	0.000	0.000	0.000	0.000	0.000	0.000	0.000
96.000	0.000	2161.029	0.752	1901.385	1.437	1422.928	1.526	0.000	0.000	0.000	0.000	0.000	0.000	0.000	0.000	0.000	0.000	0.000	0.000	0.000	0.000	0.000	0.000
97.000	0.000	2718.112	2.963	2130.417	2.653	0.000	0.000	0.000	0.000	0.000	0.000	0.000	0.000	0.000	0.000	0.000	0.000	0.000	0.000	0.000	0.000	0.000	0.000
98.000	0.000	1977.388	3.538	1655.000	1.106	1610.688	0.708	1621.432	0.818	1584.750	0.265	1754.197	1.570	1757.726	2.101	0.000	0.000	0.000	0.000	0.000	0.000	0.000	0.000
99.000	0.000	2583.374	2.897	0.000	0.000	0.000	0.000	0.000	0.000	0.000	0.000	0.000	0.000	0.000	0.000	0.000	0.000	0.000	0.000	0.000	0.000	0.000	0.000
100.000	0.000	1906.215	4.732	1863.710	4.732	1593.011	4.157	1573.590	2.587	1412.709	1.216	0.000	0.000	0.000	0.000	0.000	0.000	0.000	0.000	0.000	0.000	0.000	0.000
101.000	0.000	1710.490	1.083	0.000	0.000	0.000	0.000	0.000	0.000	0.000	0.000	0.000	0.000	0.000	0.000	0.000	0.000	0.000	0.000	0.000	0.000	0.000	0.000
102.000	0.000	3310.435	3.560	2909.684	7.208	2370.980	9.044	1962.544	3.737	1687.600	1.327	1655.556	0.199	0.000	0.000	0.000	0.000	0.000	0.000	0.000	0.000	0.000	0.000
103.000	0.000	2662.317	2.720	2469.552	5.727	2213.628	4.931	1927.633	3.980	1592.480	1.658	0.000	0.000	0.000	0.000	0.000	0.000	0.000	0.000	0.000	0.000	0.000	0.000
104.000	0.000	2302.393	2.477	0.000	0.000	0.000	0.000	0.000	0.000	0.000	0.000	0.000	0.000	0.000	0.000	0.000	0.000	0.000	0.000	0.000	0.000	0.000	0.000
105.000	0.000	2485.100	2.875	2270.639	3.980	1947.072	4.312	1683.517	3.295	0.000	0.000	0.000	0.000	0.000	0.000	0.000	0.000	0.000	0.000	0.000	0.000	0.000	0.000
106.000	0.000	1609.820	1.106	0.000	0.000	0.000	0.000	0.000	0.000	0.000	0.000	0.000	0.000	0.000	0.000	0.000	0.000	0.000	0.000	0.000	0.000	0.000	0.000
107.000	0.000	2214.976	6.567	2503.067	11.166	2753.738	9.375	2941.218	6.589	0.000	0.000	0.000	0.000	0.000	0.000	0.000	0.000	0.000	0.000	0.000	0.000	0.000	0.000
108.000	0.000	1974.897	1.725	0.000	0.000	0.000	0.000	0.000	0.000	0.000	0.000	0.000	0.000	0.000	0.000	0.000	0.000	0.000	0.000	0.000	0.000	0.000	0.000
109.000	0.000	1593.246	1.526	0.000	0.000	0.000	0.000	0.000	0.000	0.000	0.000	0.000	0.000	0.000	0.000	0.000	0.000	0.000	0.000	0.000	0.000	0.000	0.000
110.000	0.000	2121.720	2.211	0.000	0.000	0.000	0.000	0.000	0.000	0.000	0.000	0.000	0.000	0.000	0.000	0.000	0.000	0.000	0.000	0.000	0.000	0.000	0.000
111.000	0.000	1920.167	1.459	0.000	0.000	0.000	0.000	0.000	0.000	0.000	0.000	0.000	0.000	0.000	0.000	0.000	0.000	0.000	0.000	0.000	0.000	0.000	0.000
112.000	0.000	2417.690	3.427	1820.538	2.012	0.000	0.000	0.000	0.000	0.000	0.000	0.000	0.000	0.000	0.000	0.000	0.000	0.000	0.000	0.000	0.000	0.000	0.000
113.000	0.000	2457.370	1.791	2303.490	2.123	2116.255	3.295	1707.841	2.499	0.000	0.000	0.000	0.000	0.000	0.000	0.000	0.000	0.000	0.000	0.000	0.000	0.000	0.000
114.000	0.000	1851.515	2.189	0.000	0.000	0.000	0.000	0.000	0.000	0.000	0.000	0.000	0.000	0.000	0.000	0.000	0.000	0.000	0.000	0.000	0.000	0.000	0.000
115.000	0.000	1812.389	1.592	0.000	0.000	0.000	0.000	0.000	0.000	0.000	0.000	0.000	0.000	0.000	0.000	0.000	0.000	0.000	0.000	0.000	0.000	0.000	0.000
116.000	0.000	1936.816	1.680	1794.889	0.199	1769.304	0.509	1693.143	0.464	1821.430	1.747	1778.867	0.332	0.000	0.000	0.000	0.000	0.000	0.000	0.000	0.000	0.000	0.000
117.000	0.000	1889.978	0.995	1758.778	0.199	1709.333	1.327	1690.765	3.759	0.000	0.000	0.000	0.000	0.000	0.000	0.000	0.000	0.000	0.000	0.000	0.000	0.000	0.000
118.000	0.000	2073.988	3.715	2057.155	2.432	1712.780	4.113	1423.778	0.398	0.000	0.000	0.000	0.000	0.000	0.000	0.000	0.000	0.000	0.000	0.000	0.000	0.000	0.000
119.000	0.000	1985.314	3.737	1962.822	3.228	1962.319	1.592	1709.265	0.752	1674.269	0.575	0.000	0.000	0.000	0.000	0.000	0.000	0.000	0.000	0.000	0.000	0.000	0.000
120.000	0.000	2087.106	3.118	1885.132	3.693	1544.916	3.405	1393.133	0.332	0.000	0.000	0.000	0.000	0.000	0.000	0.000	0.000	0.000	0.000	0.000	0.000	0.000	0.000
121.000	0.000	1906.473	2.056	1714.488	2.808	1387.244	0.995	0.000	0.000	0.000	0.000	0.000	0.000	0.000	0.000	0.000	0.000	0.000	0.000	0.000	0.000	0.000	0.000
122.000	0.000	1751.134	1.481	0.000	0.000	0.000	0.000	0.000	0.000	0.000	0.000	0.000	0.000	0.000	0.000	0.000	0.000	0.000	0.000	0.000	0.000	0.000	0.000
123.000	0.000	2499.015	2.985	2253.763	3.737	1927.843	4.091	0.000	0.000	0.000	0.000	0.000	0.000	0.000	0.000	0.000	0.000	0.000	0.000	0.000	0.000	0.000	0.000
124.000	0.000	2067.649	3.847	1868.591	3.516	1350.000	0.199	0.000	0.000	0.000	0.000	0.000	0.000	0.000	0.000	0.000	0.000	0.000	0.000	0.000	0.000	0.000	0.000
125.000	0.000	2027.270	2.211	1858.130	1.194	0.000	0.000	0.000	0.000	0.000	0.000	0.000	0.000	0.000	0.000	0.000	0.000	0.000	0.000	0.000	0.000	0.000	0.000
126.000	0.000	1466.983	1.282	0.000	0.000	0.000	0.000	0.000	0.000	0.000	0.000	0.000	0.000	0.000	0.000	0.000	0.000	0.000	0.000	0.000	0.000	0.000	0.000
127.000	0.000	1779.861	2.698	1529.526	0.840	1510.258	1.459	1493.267	0.663	0.000	0.000	0.000	0.000	0.000	0.000	0.000	0.000	0.000	0.000	0.000	0.000	0.000	0.000
128.000	0.000	2554.931	3.538	2501.280	5.130	2126.022	4.091	1920.142	2.653	1976.910	4.400	0.000	0.000	0.000	0.000	0.000	0.000	0.000	0.000	0.000	0.000	0.000	0.000
129.000	0.000	1991.228	2.034	1640.048	0.929	0.000	0.000	0.000	0.000	0.000	0.000	0.000	0.000	0.000	0.000	0.000	0.000	0.000	0.000	0.000	0.000	0.000	0.000
130.000	0.000	2013.505	2.145	1714.186	1.548	0.000	0.000	0.000	0.000	0.000	0.000	0.000	0.000	0.000	0.000	0.000	0.000	0.000	0.000	0.000	0.000	0.000	0.000
131.000	0.000	1826.042	1.592	1437.173	1.150	0.000	0.000	0.000	0.000	0.000	0.000	0.000	0.000	0.000	0.000	0.000	0.000	0.000	0.000	0.000	0.000	0.000	0.000
132.000	0.000	1695.190	0.464	1978.182	3.162	1500.443	1.548	0.000	0.000	0.000	0.000	0.000	0.000	0.000	0.000	0.000	0.000	0.000	0.000	0.000	0.000	0.000	0.000
133.000	0.000	2178.496	2.543	1627.482	2.432	0.000	0.000	0.000	0.000	0.000	0.000	0.000	0.000	0.000	0.000	0.000	0.000	0.000	0.000	0.000	0.000	0.000	0.000
134.000	0.000	1633.397	1.282	0.000	0.000	0.000	0.000	0.000	0.000	0.000	0.000	0.000	0.000	0.000	0.000	0.000	0.000	0.000	0.000	0.000	0.000	0.000	0.000
135.000	0.000	1772.056	1.990	0.000	0.000	0.000	0.000	0.000	0.000	0.000	0.000	0.000	0.000	0.000	0.000	0.000	0.000	0.000	0.000	0.000	0.000	0.000	0.000
136.000	0.000	1664.775	1.769	0.000	0.000	0.000	0.000	0.000	0.000	0.000	0.000	0.000	0.000	0.000	0.000	0.000	0.000	0.000	0.000	0.000	0.000	0.000	0.000
137.000	0.000	1897.243	2.278	0.000	0.000	0.000	0.000	0.000	0.000	0.000	0.000	0.000	0.000	0.000	0.000	0.000	0.000	0.000	0.000	0.000	0.000	0.000	0.000
138.000	0.000	2219.089	3.958	2056.676	4.643	1979.469	4.953	1852.029	6.125	1610.295	4.046	0.000	0.000	0.000	0.000	0.000	0.000	0.000	0.000	0.000	0.000	0.000	0.000
139.000	0.000	2672.924	3.803	2683.571	5.152	2405.497	6.855	2023.274	2.587	0.000	0.000	0.000	0.000	0.000	0.000	0.000	0.000	0.000	0.000	0.000	0.000	0.000	0.000
140.000	0.000	1806.914	2.322	1583.593	1.902	0.000	0.000	0.000	0.000	0.000	0.000	0.000	0.000	0.000	0.000	0.000	0.000	0.000	0.000	0.000	0.000	0.000	0.000
141.000	0.000	1931.302	1.172	0.000	0.000	0.000	0.000	0.000	0.000	0.000	0.000	0.000	0.000	0.000	0.000	0.000	0.000	0.000	0.000	0.000	0.000	0.000	0.000
142.000	0.000	1512.300	1.106	0.000	0.000	0.000	0.000	0.000	0.000	0.000	0.000	0.000	0.000	0.000	0.000	0.000	0.000	0.000	0.000	0.000	0.000	0.000	0.000
143.000	0.000	2687.050	4.422	2881.000	5.594	2630.162	4.356	2079.211	1.570	0.000	0.000	0.000	0.000	0.000	0.000	0.000	0.000	0.000	0.000	0.000	0.000	0.000	0.000
144.000	0.000	2037.312	1.769	1789.704	0.597	0.000	0.000	0.000	0.000	0.000	0.000	0.000	0.000	0.000	0.000	0.000	0.000	0.000	0.000	0.000	0.000	0.000	0.000
145.000	0.000	1410.125	0.354	0.000	0.000	0.000	0.000	0.000	0.000	0.000	0.000	0.000	0.000	0.000	0.000	0.000	0.000	0.000	0.000	0.000	0.000	0.000	0.000
146.000	0.000	1566.900	0.884	0.000	0.000	0.000	0.000	0.000	0.000	0.000	0.000	0.000	0.000	0.000	0.000	0.000	0.000	0.000	0.000	0.000	0.000	0.000	0.000
147.000	0.000	1946.264	5.108	1527.744	2.676	1465.467	0.332	1477.500	0.398	0.000	0.000	0.000	0.000	0.000	0.000	0.000	0.000	0.000	0.000	0.000	0.000	0.000	0.000
148.000	0.000	1565.269	0.575	0.000	0.000	0.000	0.000	0.000	0.000	0.000	0.000	0.000	0.000	0.000	0.000	0.000	0.000	0.000	0.000	0.000	0.000	0.000	0.000
149.000	0.000	2247.679	3.449	1824.615	2.123	0.000	0.000	0.000	0.000	0.000	0.000	0.000	0.000	0.000	0.000	0.000	0.000	0.000	0.000	0.000	0.000	0.000	0.000
150.000	0.000	2270.274	2.101	1878.843	2.388	1974.952	6.943	1847.947	4.621	1609.459	1.349	0.000	0.000	0.000	0.000	0.000	0.000	0.000	0.000	0.000	0.000	0.000	0.000
151.000	0.000	1843.628	1.725	1856.000	2.477	1791.014	1.526	1628.923	0.862	0.000	0.000	0.000	0.000	0.000	0.000	0.000	0.000	0.000	0.000	0.000	0.000	0.000	0.000
152.000	0.000	2106.361	1.835	1749.376	2.056	1511.565	2.388	0.000	0.000	0.000	0.000	0.000	0.000	0.000	0.000	0.000	0.000	0.000	0.000	0.000	0.000	0.000	0.000
153.000	0.000	1825.900	1.769	0.000	0.000	0.000	0.000	0.000	0.000	0.000	0.000	0.000	0.000	0.000	0.000	0.000	0.000	0.000	0.000	0.000	0.000	0.000	0.000
154.000	0.000	1694.056	0.796	1401.571	0.310	1383.667	0.597	0.000	0.000	0.000	0.000	0.000	0.000	0.000	0.000	0.000	0.000	0.000	0.000	0.000	0.000	0.000	0.000
155.000	0.000	1632.500	2.300	0.000	0.000	0.000	0.000	0.000	0.000	0.000	0.000	0.000	0.000	0.000	0.000	0.000	0.000	0.000	0.000	0.000	0.000	0.000	0.000
156.000	0.000	1802.139	0.796	0.000	0.000	0.000	0.000	0.000	0.000	0.000	0.000	0.000	0.000	0.000	0.000	0.000	0.000	0.000	0.000	0.000	0.000	0.000	0.000
157.000	0.000	1635.978	1.017	0.000	0.000	0.000	0.000	0.000	0.000	0.000	0.000	0.000	0.000	0.000	0.000	0.000	0.000	0.000	0.000	0.000	0.000	0.000	0.000
158.000	0.000	1930.566	2.189	0.000	0.000	0.000	0.000	0.000	0.000	0.000	0.000	0.000	0.000	0.000	0.000	0.000	0.000	0.000	0.000	0.000	0.000	0.000	0.000
159.000	0.000	2133.283	3.980	2498.742	6.435	2096.274	7.341	1930.565	4.223	1761.386	3.494	1653.571	0.929	1574.842	0.420	0.000	0.000	0.000	0.000	0.000	0.000	0.000	0.000
160.000	0.000	1412.045	0.973	1405.316	0.840	0.000	0.000	0.000	0.000	0.000	0.000	0.000	0.000	0.000	0.000	0.000	0.000	0.000	0.000	0.000	0.000	0.000	0.000
161.000	0.000	2078.760	4.975	1764.375	3.538	1678.344	4.046	0.000	0.000	0.000	0.000	0.000	0.000	0.000	0.000	0.000	0.000	0.000	0.000	0.000	0.000	0.000	0.000
162.000	0.000	2063.441	4.865	2044.662	6.081	1693.168	3.958	1531.864	0.486	0.000	0.000	0.000	0.000	0.000	0.000	0.000	0.000	0.000	0.000	0.000	0.000	0.000	0.000
163.000	0.000	2764.953	1.902	2246.316	4.688	0.000	0.000	0.000	0.000	0.000	0.000	0.000	0.000	0.000	0.000	0.000	0.000	0.000	0.000	0.000	0.000	0.000	0.000
164.000	0.000	1543.333	1.194	0.000	0.000	0.000	0.000	0.000	0.000	0.000	0.000	0.000	0.000	0.000	0.000	0.000	0.000	0.000	0.000	0.000	0.000	0.000	0.000
165.000	0.000	1646.662	1.504	0.000	0.000	0.000	0.000	0.000	0.000	0.000	0.000	0.000	0.000	0.000	0.000	0.000	0.000	0.000	0.000	0.000	0.000	0.000	0.000
166.000	0.000	2534.356	4.223	1877.230	2.211	0.000	0.000	0.000	0.000	0.000	0.000	0.000	0.000	0.000	0.000	0.000	0.000	0.000	0.000	0.000	0.000	0.000	0.000
167.000	0.000	1791.733	1.902	1524.556	0.199	1528.222	0.199	1550.456	1.504	1543.423	1.150	1482.111	0.398	0.000	0.000	0.000	0.000	0.000	0.000	0.000	0.000	0.000	0.000
168.000	0.000	2600.185	2.742	0.000	0.000	0.000	0.000	0.000	0.000	0.000	0.000	0.000	0.000	0.000	0.000	0.000	0.000	0.000	0.000	0.000	0.000	0.000	0.000
169.000	0.000	1780.375	0.531	0.000	0.000	0.000	0.000	0.000	0.000	0.000	0.000	0.000	0.000	0.000	0.000	0.000	0.000	0.000	0.000	0.000	0.000	0.000	0.000
170.000	0.000	1681.722	1.194	0.000	0.000	0.000	0.000	0.000	0.000	0.000	0.000	0.000	0.000	0.000	0.000	0.000	0.000	0.000	0.000	0.000	0.000	0.000	0.000
171.000	0.000	2013.705	2.919	1640.487	2.587	1378.833	0.796	0.000	0.000	0.000	0.000	0.000	0.000	0.000	0.000	0.000	0.000	0.000	0.000	0.000	0.000	0.000	0.000
172.000	0.000	1555.535	1.570	0.000	0.000	0.000	0.000	0.000	0.000	0.000	0.000	0.000	0.000	0.000	0.000	0.000	0.000	0.000	0.000	0.000	0.000	0.000	0.000
173.000	0.000	1338.000	0.265	0.000	0.000	0.000	0.000	0.000	0.000	0.000	0.000	0.000	0.000	0.000	0.000	0.000	0.000	0.000	0.000	0.000	0.000	0.000	0.000
174.000	0.000	1594.405	0.929	0.000	0.000	0.000	0.000	0.000	0.000	0.000	0.000	0.000	0.000	0.000	0.000	0.000	0.000	0.000	0.000	0.000	0.000	0.000	0.000
175.000	0.000	2061.671	1.548	0.000	0.000	0.000	0.000	0.000	0.000	0.000	0.000	0.000	0.000	0.000	0.000	0.000	0.000	0.000	0.000	0.000	0.000	0.000	0.000
176.000	0.000	2234.848	2.477	0.000	0.000	0.000	0.000	0.000	0.000	0.000	0.000	0.000	0.000	0.000	0.000	0.000	0.000	0.000	0.000	0.000	0.000	0.000	0.000
177.000	0.000	1778.325	0.884	1669.576	2.189	1632.889	1.194	0.000	0.000	0.000	0.000	0.000	0.000	0.000	0.000	0.000	0.000	0.000	0.000	0.000	0.000	0.000	0.000
178.000	0.000	1748.368	3.184	1337.333	0.199	0.000	0.000	0.000	0.000	0.000	0.000	0.000	0.000	0.000	0.000	0.000	0.000	0.000	0.000	0.000	0.000	0.000	0.000
179.000	0.000	2033.966	3.273	1590.486	3.184	1552.378	0.995	1549.681	2.078	1602.220	2.808	0.000	0.000	0.000	0.000	0.000	0.000	0.000	0.000	0.000	0.000	0.000	0.000
180.000	0.000	2459.753	2.056	2184.460	3.074	1948.626	3.781	1577.098	1.349	0.000	0.000	0.000	0.000	0.000	0.000	0.000	0.000	0.000	0.000	0.000	0.000	0.000	0.000
181.000	0.000	1684.098	2.720	1711.656	3.538	1473.425	1.614	0.000	0.000	0.000	0.000	0.000	0.000	0.000	0.000	0.000	0.000	0.000	0.000	0.000	0.000	0.000	0.000
182.000	0.000	2570.312	2.056	1915.473	3.317	1634.289	1.835	1553.045	0.486	0.000	0.000	0.000	0.000	0.000	0.000	0.000	0.000	0.000	0.000	0.000	0.000	0.000	0.000
183.000	0.000	2552.000	4.046	2440.133	3.648	2273.865	4.268	1984.661	5.683	1687.710	3.427	0.000	0.000	0.000	0.000	0.000	0.000	0.000	0.000	0.000	0.000	0.000	0.000
184.000	0.000	1530.593	0.597	0.000	0.000	0.000	0.000	0.000	0.000	0.000	0.000	0.000	0.000	0.000	0.000	0.000	0.000	0.000	0.000	0.000	0.000	0.000	0.000
185.000	0.000	2256.324	4.511	2199.745	4.599	1909.955	3.936	1846.072	1.526	2004.440	2.764	2138.284	3.118	2024.488	2.852	1896.426	1.349	0.000	0.000	0.000	0.000	0.000	0.000
186.000	0.000	1834.386	2.521	1453.519	1.194	0.000	0.000	0.000	0.000	0.000	0.000	0.000	0.000	0.000	0.000	0.000	0.000	0.000	0.000	0.000	0.000	0.000	0.000
187.000	0.000	1803.797	1.636	0.000	0.000	0.000	0.000	0.000	0.000	0.000	0.000	0.000	0.000	0.000	0.000	0.000	0.000	0.000	0.000	0.000	0.000	0.000	0.000
188.000	0.000	2250.705	0.973	0.000	0.000	0.000	0.000	0.000	0.000	0.000	0.000	0.000	0.000	0.000	0.000	0.000	0.000	0.000	0.000	0.000	0.000	0.000	0.000
189.000	0.000	1639.955	1.946	1680.256	1.902	1657.098	1.128	1691.492	2.919	1651.350	5.373	1476.870	2.034	0.000	0.000	0.000	0.000	0.000	0.000	0.000	0.000	0.000	0.000
190.000	0.000	2019.759	2.388	1554.150	0.442	0.000	0.000	0.000	0.000	0.000	0.000	0.000	0.000	0.000	0.000	0.000	0.000	0.000	0.000	0.000	0.000	0.000	0.000
191.000	0.000	2246.777	2.078	2114.162	2.587	1798.945	2.432	0.000	0.000	0.000	0.000	0.000	0.000	0.000	0.000	0.000	0.000	0.000	0.000	0.000	0.000	0.000	0.000
192.000	0.000	3161.322	3.980	2850.865	4.422	2297.671	7.938	1940.894	7.098	1725.293	2.565	1661.774	3.427	1588.203	1.415	0.000	0.000	0.000	0.000	0.000	0.000	0.000	0.000
193.000	0.000	2072.063	2.101	2107.557	2.543	1957.556	2.985	1846.405	2.565	0.000	0.000	0.000	0.000	0.000	0.000	0.000	0.000	0.000	0.000	0.000	0.000	0.000	0.000
194.000	0.000	2101.079	2.521	2198.254	2.786	2035.825	2.786	0.000	0.000	0.000	0.000	0.000	0.000	0.000	0.000	0.000	0.000	0.000	0.000	0.000	0.000	0.000	0.000
195.000	0.000	3136.658	1.614	2577.919	0.818	2036.205	1.725	0.000	0.000	0.000	0.000	0.000	0.000	0.000	0.000	0.000	0.000	0.000	0.000	0.000	0.000	0.000	0.000
196.000	0.000	1814.331	2.742	1855.349	3.361	1977.574	1.504	0.000	0.000	0.000	0.000	0.000	0.000	0.000	0.000	0.000	0.000	0.000	0.000	0.000	0.000	0.000	0.000
197.000	0.000	2622.011	1.968	2448.030	4.467	0.000	0.000	0.000	0.000	0.000	0.000	0.000	0.000	0.000	0.000	0.000	0.000	0.000	0.000	0.000	0.000	0.000	0.000
198.000	0.000	2387.092	2.653	1644.444	2.189	0.000	0.000	0.000	0.000	0.000	0.000	0.000	0.000	0.000	0.000	0.000	0.000	0.000	0.000	0.000	0.000	0.000	0.000
199.000	0.000	1645.048	1.371	0.000	0.000	0.000	0.000	0.000	0.000	0.000	0.000	0.000	0.000	0.000	0.000	0.000	0.000	0.000	0.000	0.000	0.000	0.000	0.000
200.000	0.000	2722.818	1.946	2333.988	1.791	2445.979	3.162	2378.965	3.140	2454.858	15.721	2459.938	14.218	2356.036	14.240	2183.492	12.714	2019.585	11.410	1835.959	3.759	1749.867	0.332
201.000	0.000	3042.198	3.582	2601.694	5.484	1851.905	6.081	1501.803	1.349	0.000	0.000	0.000	0.000	0.000	0.000	0.000	0.000	0.000	0.000	0.000	0.000	0.000	0.000
202.000	0.000	1821.968	0.685	0.000	0.000	0.000	0.000	0.000	0.000	0.000	0.000	0.000	0.000	0.000	0.000	0.000	0.000	0.000	0.000	0.000	0.000	0.000	0.000
203.000	0.000	1897.867	2.322	1369.523	0.973	0.000	0.000	0.000	0.000	0.000	0.000	0.000	0.000	0.000	0.000	0.000	0.000	0.000	0.000	0.000	0.000	0.000	0.000
204.000	0.000	3200.873	2.432	2615.573	4.666	0.000	0.000	0.000	0.000	0.000	0.000	0.000	0.000	0.000	0.000	0.000	0.000	0.000	0.000	0.000	0.000	0.000	0.000
205.000	0.000	2245.440	2.963	1866.777	3.472	1508.455	2.233	0.000	0.000	0.000	0.000	0.000	0.000	0.000	0.000	0.000	0.000	0.000	0.000	0.000	0.000	0.000	0.000
206.000	0.000	2441.139	1.592	0.000	0.000	0.000	0.000	0.000	0.000	0.000	0.000	0.000	0.000	0.000	0.000	0.000	0.000	0.000	0.000	0.000	0.000	0.000	0.000
207.000	0.000	2119.861	2.698	1944.121	2.189	0.000	0.000	0.000	0.000	0.000	0.000	0.000	0.000	0.000	0.000	0.000	0.000	0.000	0.000	0.000	0.000	0.000	0.000
208.000	0.000	1743.718	2.432	0.000	0.000	0.000	0.000	0.000	0.000	0.000	0.000	0.000	0.000	0.000	0.000	0.000	0.000	0.000	0.000	0.000	0.000	0.000	0.000
209.000	0.000	2676.914	0.774	0.000	0.000	0.000	0.000	0.000	0.000	0.000	0.000	0.000	0.000	0.000	0.000	0.000	0.000	0.000	0.000	0.000	0.000	0.000	0.000
210.000	0.000	1316.444	0.199	0.000	0.000	0.000	0.000	0.000	0.000	0.000	0.000	0.000	0.000	0.000	0.000	0.000	0.000	0.000	0.000	0.000	0.000	0.000	0.000
211.000	0.000	1750.408	1.083	0.000	0.000	0.000	0.000	0.000	0.000	0.000	0.000	0.000	0.000	0.000	0.000	0.000	0.000	0.000	0.000	0.000	0.000	0.000	0.000
212.000	0.000	1870.589	2.742	1372.330	2.078	0.000	0.000	0.000	0.000	0.000	0.000	0.000	0.000	0.000	0.000	0.000	0.000	0.000	0.000	0.000	0.000	0.000	0.000
213.000	0.000	2041.903	4.091	2003.107	5.373	2045.082	3.494	2179.127	8.004	1916.658	6.213	1638.528	0.796	0.000	0.000	0.000	0.000	0.000	0.000	0.000	0.000	0.000	0.000
214.000	0.000	2039.055	2.432	1849.410	1.835	1544.047	2.830	0.000	0.000	0.000	0.000	0.000	0.000	0.000	0.000	0.000	0.000	0.000	0.000	0.000	0.000	0.000	0.000
215.000	0.000	1736.331	3.671	1480.414	1.282	1490.647	1.128	1490.190	0.929	1429.833	0.663	0.000	0.000	0.000	0.000	0.000	0.000	0.000	0.000	0.000	0.000	0.000	0.000
216.000	0.000	2620.621	3.914	2566.789	4.511	2433.058	4.975	0.000	0.000	0.000	0.000	0.000	0.000	0.000	0.000	0.000	0.000	0.000	0.000	0.000	0.000	0.000	0.000
217.000	0.000	1916.152	0.730	0.000	0.000	0.000	0.000	0.000	0.000	0.000	0.000	0.000	0.000	0.000	0.000	0.000	0.000	0.000	0.000	0.000	0.000	0.000	0.000
218.000	0.000	1656.135	1.150	0.000	0.000	0.000	0.000	0.000	0.000	0.000	0.000	0.000	0.000	0.000	0.000	0.000	0.000	0.000	0.000	0.000	0.000	0.000	0.000
219.000	0.000	2496.139	10.193	2591.136	10.768	2563.986	11.388	2531.959	11.741	0.000	0.000	0.000	0.000	0.000	0.000	0.000	0.000	0.000	0.000	0.000	0.000	0.000	0.000
220.000	0.000	2032.543	4.113	1514.717	1.172	0.000	0.000	0.000	0.000	0.000	0.000	0.000	0.000	0.000	0.000	0.000	0.000	0.000	0.000	0.000	0.000	0.000	0.000
221.000	0.000	2030.364	3.582	1611.711	2.521	0.000	0.000	0.000	0.000	0.000	0.000	0.000	0.000	0.000	0.000	0.000	0.000	0.000	0.000	0.000	0.000	0.000	0.000
222.000	0.000	1377.000	0.199	0.000	0.000	0.000	0.000	0.000	0.000	0.000	0.000	0.000	0.000	0.000	0.000	0.000	0.000	0.000	0.000	0.000	0.000	0.000	0.000
223.000	0.000	2399.559	0.752	2875.103	5.373	2253.943	7.407	2039.162	4.223	1614.325	3.538	1478.000	0.619	0.000	0.000	0.000	0.000	0.000	0.000	0.000	0.000	0.000	0.000
224.000	0.000	1930.521	2.676	1593.438	2.875	0.000	0.000	0.000	0.000	0.000	0.000	0.000	0.000	0.000	0.000	0.000	0.000	0.000	0.000	0.000	0.000	0.000	0.000
225.000	0.000	2065.389	2.388	1618.379	2.101	0.000	0.000	0.000	0.000	0.000	0.000	0.000	0.000	0.000	0.000	0.000	0.000	0.000	0.000	0.000	0.000	0.000	0.000
226.000	0.000	1495.917	0.265	0.000	0.000	0.000	0.000	0.000	0.000	0.000	0.000	0.000	0.000	0.000	0.000	0.000	0.000	0.000	0.000	0.000	0.000	0.000	0.000
227.000	0.000	1977.091	2.676	1592.881	1.857	0.000	0.000	0.000	0.000	0.000	0.000	0.000	0.000	0.000	0.000	0.000	0.000	0.000	0.000	0.000	0.000	0.000	0.000
228.000	0.000	1733.105	1.260	0.000	0.000	0.000	0.000	0.000	0.000	0.000	0.000	0.000	0.000	0.000	0.000	0.000	0.000	0.000	0.000	0.000	0.000	0.000	0.000
229.000	0.000	1496.809	1.039	0.000	0.000	0.000	0.000	0.000	0.000	0.000	0.000	0.000	0.000	0.000	0.000	0.000	0.000	0.000	0.000	0.000	0.000	0.000	0.000
230.000	0.000	1288.630	0.597	0.000	0.000	0.000	0.000	0.000	0.000	0.000	0.000	0.000	0.000	0.000	0.000	0.000	0.000	0.000	0.000	0.000	0.000	0.000	0.000
231.000	0.000	1524.234	1.415	0.000	0.000	0.000	0.000	0.000	0.000	0.000	0.000	0.000	0.000	0.000	0.000	0.000	0.000	0.000	0.000	0.000	0.000	0.000	0.000
232.000	0.000	2280.514	3.096	1896.802	4.024	1494.961	3.383	0.000	0.000	0.000	0.000	0.000	0.000	0.000	0.000	0.000	0.000	0.000	0.000	0.000	0.000	0.000	0.000
233.000	0.000	1865.848	2.322	0.000	0.000	0.000	0.000	0.000	0.000	0.000	0.000	0.000	0.000	0.000	0.000	0.000	0.000	0.000	0.000	0.000	0.000	0.000	0.000
234.000	0.000	3394.815	4.179	0.000	0.000	0.000	0.000	0.000	0.000	0.000	0.000	0.000	0.000	0.000	0.000	0.000	0.000	0.000	0.000	0.000	0.000	0.000	0.000
235.000	0.000	1554.623	1.349	1375.429	1.083	0.000	0.000	0.000	0.000	0.000	0.000	0.000	0.000	0.000	0.000	0.000	0.000	0.000	0.000	0.000	0.000	0.000	0.000
236.000	0.000	1505.476	1.393	0.000	0.000	0.000	0.000	0.000	0.000	0.000	0.000	0.000	0.000	0.000	0.000	0.000	0.000	0.000	0.000	0.000	0.000	0.000	0.000
237.000	0.000	1431.667	0.862	1505.933	0.995	1315.444	0.995	0.000	0.000	0.000	0.000	0.000	0.000	0.000	0.000	0.000	0.000	0.000	0.000	0.000	0.000	0.000	0.000
238.000	0.000	2219.190	2.786	1761.986	3.096	1485.889	0.597	0.000	0.000	0.000	0.000	0.000	0.000	0.000	0.000	0.000	0.000	0.000	0.000	0.000	0.000	0.000	0.000
239.000	0.000	1971.277	2.078	1351.391	1.017	0.000	0.000	0.000	0.000	0.000	0.000	0.000	0.000	0.000	0.000	0.000	0.000	0.000	0.000	0.000	0.000	0.000	0.000
240.000	0.000	1817.711	4.356	1399.814	1.305	0.000	0.000	0.000	0.000	0.000	0.000	0.000	0.000	0.000	0.000	0.000	0.000	0.000	0.000	0.000	0.000	0.000	0.000
241.000	0.000	1547.919	1.371	1803.281	1.415	0.000	0.000	0.000	0.000	0.000	0.000	0.000	0.000	0.000	0.000	0.000	0.000	0.000	0.000	0.000	0.000	0.000	0.000
242.000	0.000	1648.435	1.526	1535.607	3.096	0.000	0.000	0.000	0.000	0.000	0.000	0.000	0.000	0.000	0.000	0.000	0.000	0.000	0.000	0.000	0.000	0.000	0.000
243.000	0.000	1733.062	2.852	1427.132	2.012	0.000	0.000	0.000	0.000	0.000	0.000	0.000	0.000	0.000	0.000	0.000	0.000	0.000	0.000	0.000	0.000	0.000	0.000
244.000	0.000	1556.889	1.393	0.000	0.000	0.000	0.000	0.000	0.000	0.000	0.000	0.000	0.000	0.000	0.000	0.000	0.000	0.000	0.000	0.000	0.000	0.000	0.000
245.000	0.000	2068.205	2.808	1647.488	3.671	1366.889	0.597	0.000	0.000	0.000	0.000	0.000	0.000	0.000	0.000	0.000	0.000	0.000	0.000	0.000	0.000	0.000	0.000
246.000	0.000	2021.250	2.565	1478.226	1.857	0.000	0.000	0.000	0.000	0.000	0.000	0.000	0.000	0.000	0.000	0.000	0.000	0.000	0.000	0.000	0.000	0.000	0.000
247.000	0.000	1542.791	1.481	0.000	0.000	0.000	0.000	0.000	0.000	0.000	0.000	0.000	0.000	0.000	0.000	0.000	0.000	0.000	0.000	0.000	0.000	0.000	0.000
248.000	0.000	2042.316	3.427	1558.072	2.454	0.000	0.000	0.000	0.000	0.000	0.000	0.000	0.000	0.000	0.000	0.000	0.000	0.000	0.000	0.000	0.000	0.000	0.000
249.000	0.000	1527.919	1.371	0.000	0.000	0.000	0.000	0.000	0.000	0.000	0.000	0.000	0.000	0.000	0.000	0.000	0.000	0.000	0.000	0.000	0.000	0.000	0.000
250.000	0.000	2094.345	3.847	1905.465	3.516	1377.465	1.902	0.000	0.000	0.000	0.000	0.000	0.000	0.000	0.000	0.000	0.000	0.000	0.000	0.000	0.000	0.000	0.000
251.000	0.000	2363.585	2.720	1725.822	2.366	0.000	0.000	0.000	0.000	0.000	0.000	0.000	0.000	0.000	0.000	0.000	0.000	0.000	0.000	0.000	0.000	0.000	0.000
252.000	0.000	1531.000	0.420	0.000	0.000	0.000	0.000	0.000	0.000	0.000	0.000	0.000	0.000	0.000	0.000	0.000	0.000	0.000	0.000	0.000	0.000	0.000	0.000
253.000	0.000	1354.400	1.327	0.000	0.000	0.000	0.000	0.000	0.000	0.000	0.000	0.000	0.000	0.000	0.000	0.000	0.000	0.000	0.000	0.000	0.000	0.000	0.000
254.000	0.000	2231.566	3.206	1624.984	2.830	1302.804	1.128	0.000	0.000	0.000	0.000	0.000	0.000	0.000	0.000	0.000	0.000	0.000	0.000	0.000	0.000	0.000	0.000
255.000	0.000	1449.176	0.752	0.000	0.000	0.000	0.000	0.000	0.000	0.000	0.000	0.000	0.000	0.000	0.000	0.000	0.000	0.000	0.000	0.000	0.000	0.000	0.000
256.000	0.000	1414.583	0.265	0.000	0.000	0.000	0.000	0.000	0.000	0.000	0.000	0.000	0.000	0.000	0.000	0.000	0.000	0.000	0.000	0.000	0.000	0.000	0.000
257.000	0.000	1393.615	0.575	0.000	0.000	0.000	0.000	0.000	0.000	0.000	0.000	0.000	0.000	0.000	0.000	0.000	0.000	0.000	0.000	0.000	0.000	0.000	0.000
258.000	0.000	1471.933	0.332	0.000	0.000	0.000	0.000	0.000	0.000	0.000	0.000	0.000	0.000	0.000	0.000	0.000	0.000	0.000	0.000	0.000	0.000	0.000	0.000
259.000	0.000	1373.976	0.929	0.000	0.000	0.000	0.000	0.000	0.000	0.000	0.000	0.000	0.000	0.000	0.000	0.000	0.000	0.000	0.000	0.000	0.000	0.000	0.000
260.000	0.000	1608.394	3.538	1467.902	0.907	0.000	0.000	0.000	0.000	0.000	0.000	0.000	0.000	0.000	0.000	0.000	0.000	0.000	0.000	0.000	0.000	0.000	0.000
261.000	0.000	1416.074	0.597	0.000	0.000	0.000	0.000	0.000	0.000	0.000	0.000	0.000	0.000	0.000	0.000	0.000	0.000	0.000	0.000	0.000	0.000	0.000	0.000
262.000	0.000	1520.268	1.238	0.000	0.000	0.000	0.000	0.000	0.000	0.000	0.000	0.000	0.000	0.000	0.000	0.000	0.000	0.000	0.000	0.000	0.000	0.000	0.000
263.000	0.000	1714.082	1.083	0.000	0.000	0.000	0.000	0.000	0.000	0.000	0.000	0.000	0.000	0.000	0.000	0.000	0.000	0.000	0.000	0.000	0.000	0.000	0.000
264.000	0.000	2170.464	4.002	1448.673	2.167	0.000	0.000	0.000	0.000	0.000	0.000	0.000	0.000	0.000	0.000	0.000	0.000	0.000	0.000	0.000	0.000	0.000	0.000
265.000	0.000	2566.582	6.346	2732.123	7.894	2544.529	8.402	2053.712	8.447	1572.996	5.970	0.000	0.000	0.000	0.000	0.000	0.000	0.000	0.000	0.000	0.000	0.000	0.000
266.000	0.000	1528.574	1.504	0.000	0.000	0.000	0.000	0.000	0.000	0.000	0.000	0.000	0.000	0.000	0.000	0.000	0.000	0.000	0.000	0.000	0.000	0.000	0.000
267.000	0.000	2207.400	0.884	0.000	0.000	0.000	0.000	0.000	0.000	0.000	0.000	0.000	0.000	0.000	0.000	0.000	0.000	0.000	0.000	0.000	0.000	0.000	0.000
268.000	0.000	1822.683	3.074	1286.708	1.437	1522.308	0.575	1392.185	0.597	0.000	0.000	0.000	0.000	0.000	0.000	0.000	0.000	0.000	0.000	0.000	0.000	0.000	0.000
269.000	0.000	1643.981	1.194	1315.300	0.663	0.000	0.000	0.000	0.000	0.000	0.000	0.000	0.000	0.000	0.000	0.000	0.000	0.000	0.000	0.000	0.000	0.000	0.000
270.000	0.000	1305.938	0.354	0.000	0.000	0.000	0.000	0.000	0.000	0.000	0.000	0.000	0.000	0.000	0.000	0.000	0.000	0.000	0.000	0.000	0.000	0.000	0.000
271.000	0.000	2513.163	4.467	2242.749	5.108	2113.081	6.810	1945.726	4.931	1570.681	3.538	0.000	0.000	0.000	0.000	0.000	0.000	0.000	0.000	0.000	0.000	0.000	0.000
272.000	0.000	2031.018	2.499	1503.432	2.919	1339.118	0.376	0.000	0.000	0.000	0.000	0.000	0.000	0.000	0.000	0.000	0.000	0.000	0.000	0.000	0.000	0.000	0.000
273.000	0.000	1357.111	0.199	0.000	0.000	0.000	0.000	0.000	0.000	0.000	0.000	0.000	0.000	0.000	0.000	0.000	0.000	0.000	0.000	0.000	0.000	0.000	0.000
274.000	0.000	1393.911	0.995	0.000	0.000	0.000	0.000	0.000	0.000	0.000	0.000	0.000	0.000	0.000	0.000	0.000	0.000	0.000	0.000	0.000	0.000	0.000	0.000
275.000	0.000	1884.711	1.680	2119.762	4.268	1494.056	2.742	0.000	0.000	0.000	0.000	0.000	0.000	0.000	0.000	0.000	0.000	0.000	0.000	0.000	0.000	0.000	0.000
276.000	0.000	1733.362	2.808	0.000	0.000	0.000	0.000	0.000	0.000	0.000	0.000	0.000	0.000	0.000	0.000	0.000	0.000	0.000	0.000	0.000	0.000	0.000	0.000
277.000	0.000	1754.382	2.255	0.000	0.000	0.000	0.000	0.000	0.000	0.000	0.000	0.000	0.000	0.000	0.000	0.000	0.000	0.000	0.000	0.000	0.000	0.000	0.000
278.000	0.000	2430.345	2.565	2203.125	2.830	2002.005	4.312	1772.056	2.764	0.000	0.000	0.000	0.000	0.000	0.000	0.000	0.000	0.000	0.000	0.000	0.000	0.000	0.000
279.000	0.000	2192.327	3.648	2129.374	3.781	2053.955	3.892	1747.462	3.162	1437.000	1.282	0.000	0.000	0.000	0.000	0.000	0.000	0.000	0.000	0.000	0.000	0.000	0.000
280.000	0.000	2021.050	3.958	2005.876	5.174	1845.084	4.467	1772.900	4.201	1716.705	4.201	1627.930	4.135	1519.694	1.371	0.000	0.000	0.000	0.000	0.000	0.000	0.000	0.000
281.000	0.000	1495.375	0.708	0.000	0.000	0.000	0.000	0.000	0.000	0.000	0.000	0.000	0.000	0.000	0.000	0.000	0.000	0.000	0.000	0.000	0.000	0.000	0.000
282.000	0.000	1695.984	1.371	0.000	0.000	0.000	0.000	0.000	0.000	0.000	0.000	0.000	0.000	0.000	0.000	0.000	0.000	0.000	0.000	0.000	0.000	0.000	0.000
283.000	0.000	2127.752	4.997	2472.861	8.601	1742.547	4.201	0.000	0.000	0.000	0.000	0.000	0.000	0.000	0.000	0.000	0.000	0.000	0.000	0.000	0.000	0.000	0.000
284.000	0.000	2314.561	3.273	0.000	0.000	0.000	0.000	0.000	0.000	0.000	0.000	0.000	0.000	0.000	0.000	0.000	0.000	0.000	0.000	0.000	0.000	0.000	0.000
285.000	0.000	1902.164	1.481	1520.061	0.730	0.000	0.000	0.000	0.000	0.000	0.000	0.000	0.000	0.000	0.000	0.000	0.000	0.000	0.000	0.000	0.000	0.000	0.000
286.000	0.000	1634.386	1.260	0.000	0.000	0.000	0.000	0.000	0.000	0.000	0.000	0.000	0.000	0.000	0.000	0.000	0.000	0.000	0.000	0.000	0.000	0.000	0.000
287.000	0.000	2071.758	2.189	1688.584	2.233	0.000	0.000	0.000	0.000	0.000	0.000	0.000	0.000	0.000	0.000	0.000	0.000	0.000	0.000	0.000	0.000	0.000	0.000
288.000	0.000	2092.546	2.631	1525.786	1.548	0.000	0.000	0.000	0.000	0.000	0.000	0.000	0.000	0.000	0.000	0.000	0.000	0.000	0.000	0.000	0.000	0.000	0.000
289.000	0.000	2339.508	2.653	1572.378	2.631	0.000	0.000	0.000	0.000	0.000	0.000	0.000	0.000	0.000	0.000	0.000	0.000	0.000	0.000	0.000	0.000	0.000	0.000
290.000	0.000	1975.322	4.599	1403.899	2.852	0.000	0.000	0.000	0.000	0.000	0.000	0.000	0.000	0.000	0.000	0.000	0.000	0.000	0.000	0.000	0.000	0.000	0.000
291.000	0.000	2524.406	3.051	0.000	0.000	0.000	0.000	0.000	0.000	0.000	0.000	0.000	0.000	0.000	0.000	0.000	0.000	0.000	0.000	0.000	0.000	0.000	0.000
292.000	0.000	2385.254	2.609	2284.419	3.427	2228.732	4.201	2168.748	4.997	0.000	0.000	0.000	0.000	0.000	0.000	0.000	0.000	0.000	0.000	0.000	0.000	0.000	0.000
293.000	0.000	1922.476	1.857	1827.585	3.626	1614.441	1.504	1549.917	0.265	1545.520	0.553	1809.722	6.368	1764.155	6.258	1703.064	5.196	1655.147	4.356	1582.812	2.233	1474.000	0.265
294.000	0.000	2125.779	1.703	1987.814	0.951	0.000	0.000	0.000	0.000	0.000	0.000	0.000	0.000	0.000	0.000	0.000	0.000	0.000	0.000	0.000	0.000	0.000	0.000
295.000	0.000	2221.327	2.300	2096.148	3.140	1657.906	1.879	0.000	0.000	0.000	0.000	0.000	0.000	0.000	0.000	0.000	0.000	0.000	0.000	0.000	0.000	0.000	0.000
296.000	0.000	1573.533	1.658	0.000	0.000	0.000	0.000	0.000	0.000	0.000	0.000	0.000	0.000	0.000	0.000	0.000	0.000	0.000	0.000	0.000	0.000	0.000	0.000
297.000	0.000	2248.052	2.145	1588.131	1.349	0.000	0.000	0.000	0.000	0.000	0.000	0.000	0.000	0.000	0.000	0.000	0.000	0.000	0.000	0.000	0.000	0.000	0.000
298.000	0.000	1799.152	1.017	0.000	0.000	0.000	0.000	0.000	0.000	0.000	0.000	0.000	0.000	0.000	0.000	0.000	0.000	0.000	0.000	0.000	0.000	0.000	0.000
299.000	0.000	1466.778	0.199	0.000	0.000	0.000	0.000	0.000	0.000	0.000	0.000	0.000	0.000	0.000	0.000	0.000	0.000	0.000	0.000	0.000	0.000	0.000	0.000
300.000	0.000	2557.872	3.118	2361.455	3.405	2120.547	4.489	1876.821	2.344	0.000	0.000	0.000	0.000	0.000	0.000	0.000	0.000	0.000	0.000	0.000	0.000	0.000	0.000
301.000	0.000	1635.694	1.879	1204.824	1.128	0.000	0.000	0.000	0.000	0.000	0.000	0.000	0.000	0.000	0.000	0.000	0.000	0.000	0.000	0.000	0.000	0.000	0.000
302.000	0.000	1801.372	3.206	1987.265	3.250	1841.045	7.938	1595.630	3.228	0.000	0.000	0.000	0.000	0.000	0.000	0.000	0.000	0.000	0.000	0.000	0.000	0.000	0.000
303.000	0.000	2165.789	2.720	0.000	0.000	0.000	0.000	0.000	0.000	0.000	0.000	0.000	0.000	0.000	0.000	0.000	0.000	0.000	0.000	0.000	0.000	0.000	0.000
304.000	0.000	1806.000	0.199	0.000	0.000	0.000	0.000	0.000	0.000	0.000	0.000	0.000	0.000	0.000	0.000	0.000	0.000	0.000	0.000	0.000	0.000	0.000	0.000
305.000	0.000	1693.399	7.319	1686.052	2.123	1684.342	1.614	1723.709	1.216	0.000	0.000	0.000	0.000	0.000	0.000	0.000	0.000	0.000	0.000	0.000	0.000	0.000	0.000
306.000	0.000	1425.915	1.570	1215.722	0.398	0.000	0.000	0.000	0.000	0.000	0.000	0.000	0.000	0.000	0.000	0.000	0.000	0.000	0.000	0.000	0.000	0.000	0.000
307.000	0.000	2023.866	4.953	2056.160	9.287	2066.887	9.773	2086.666	11.255	1859.118	2.432	0.000	0.000	0.000	0.000	0.000	0.000	0.000	0.000	0.000	0.000	0.000	0.000
308.000	0.000	1533.393	1.349	1586.328	1.349	1579.074	1.504	1570.030	1.459	1585.149	5.484	1367.425	0.884	0.000	0.000	0.000	0.000	0.000	0.000	0.000	0.000	0.000	0.000
309.000	0.000	1903.604	1.172	0.000	0.000	0.000	0.000	0.000	0.000	0.000	0.000	0.000	0.000	0.000	0.000	0.000	0.000	0.000	0.000	0.000	0.000	0.000	0.000
310.000	0.000	1718.576	2.764	1744.684	3.914	1532.405	3.273	1397.222	0.199	0.000	0.000	0.000	0.000	0.000	0.000	0.000	0.000	0.000	0.000	0.000	0.000	0.000	0.000
311.000	0.000	2759.944	2.764	2487.040	5.550	2628.472	6.235	2705.823	4.621	2329.172	16.540	1918.413	10.813	1708.161	2.609	0.000	0.000	0.000	0.000	0.000	0.000	0.000	0.000
312.000	0.000	1982.742	2.830	1550.142	2.344	0.000	0.000	0.000	0.000	0.000	0.000	0.000	0.000	0.000	0.000	0.000	0.000	0.000	0.000	0.000	0.000	0.000	0.000
313.000	0.000	1650.889	0.199	0.000	0.000	0.000	0.000	0.000	0.000	0.000	0.000	0.000	0.000	0.000	0.000	0.000	0.000	0.000	0.000	0.000	0.000	0.000	0.000
314.000	0.000	1576.730	0.818	1489.000	0.332	1423.947	0.840	0.000	0.000	0.000	0.000	0.000	0.000	0.000	0.000	0.000	0.000	0.000	0.000	0.000	0.000	0.000	0.000
315.000	0.000	1560.478	1.017	1398.933	0.332	0.000	0.000	0.000	0.000	0.000	0.000	0.000	0.000	0.000	0.000	0.000	0.000	0.000	0.000	0.000	0.000	0.000	0.000
316.000	0.000	1608.901	2.233	1327.115	1.150	0.000	0.000	0.000	0.000	0.000	0.000	0.000	0.000	0.000	0.000	0.000	0.000	0.000	0.000	0.000	0.000	0.000	0.000
317.000	0.000	2470.529	4.179	2147.897	6.435	1872.305	5.285	1529.487	2.587	1309.333	0.199	0.000	0.000	0.000	0.000	0.000	0.000	0.000	0.000	0.000	0.000	0.000	0.000
318.000	0.000	2432.069	2.233	1842.712	1.459	0.000	0.000	0.000	0.000	0.000	0.000	0.000	0.000	0.000	0.000	0.000	0.000	0.000	0.000	0.000	0.000	0.000	0.000
319.000	0.000	2073.039	2.255	2051.363	2.255	0.000	0.000	0.000	0.000	0.000	0.000	0.000	0.000	0.000	0.000	0.000	0.000	0.000	0.000	0.000	0.000	0.000	0.000
320.000	0.000	1615.200	1.327	0.000	0.000	0.000	0.000	0.000	0.000	0.000	0.000	0.000	0.000	0.000	0.000	0.000	0.000	0.000	0.000	0.000	0.000	0.000	0.000
321.000	0.000	1208.724	0.641	0.000	0.000	0.000	0.000	0.000	0.000	0.000	0.000	0.000	0.000	0.000	0.000	0.000	0.000	0.000	0.000	0.000	0.000	0.000	0.000
322.000	0.000	1891.271	3.427	1687.867	3.317	0.000	0.000	0.000	0.000	0.000	0.000	0.000	0.000	0.000	0.000	0.000	0.000	0.000	0.000	0.000	0.000	0.000	0.000
323.000	0.000	1644.568	3.228	1591.221	3.604	1222.355	0.685	0.000	0.000	0.000	0.000	0.000	0.000	0.000	0.000	0.000	0.000	0.000	0.000	0.000	0.000	0.000	0.000
324.000	0.000	1542.368	0.840	0.000	0.000	0.000	0.000	0.000	0.000	0.000	0.000	0.000	0.000	0.000	0.000	0.000	0.000	0.000	0.000	0.000	0.000	0.000	0.000
325.000	0.000	1277.111	0.199	0.000	0.000	0.000	0.000	0.000	0.000	0.000	0.000	0.000	0.000	0.000	0.000	0.000	0.000	0.000	0.000	0.000	0.000	0.000	0.000
326.000	0.000	1682.970	1.459	0.000	0.000	0.000	0.000	0.000	0.000	0.000	0.000	0.000	0.000	0.000	0.000	0.000	0.000	0.000	0.000	0.000	0.000	0.000	0.000
327.000	0.000	1269.310	1.282	0.000	0.000	0.000	0.000	0.000	0.000	0.000	0.000	0.000	0.000	0.000	0.000	0.000	0.000	0.000	0.000	0.000	0.000	0.000	0.000
328.000	0.000	1664.641	2.278	1303.522	1.526	0.000	0.000	0.000	0.000	0.000	0.000	0.000	0.000	0.000	0.000	0.000	0.000	0.000	0.000	0.000	0.000	0.000	0.000
329.000	0.000	2103.686	3.383	1546.482	3.074	1277.967	1.349	0.000	0.000	0.000	0.000	0.000	0.000	0.000	0.000	0.000	0.000	0.000	0.000	0.000	0.000	0.000	0.000
330.000	0.000	2029.068	3.582	1695.376	2.056	0.000	0.000	0.000	0.000	0.000	0.000	0.000	0.000	0.000	0.000	0.000	0.000	0.000	0.000	0.000	0.000	0.000	0.000
331.000	0.000	1389.778	0.796	0.000	0.000	0.000	0.000	0.000	0.000	0.000	0.000	0.000	0.000	0.000	0.000	0.000	0.000	0.000	0.000	0.000	0.000	0.000	0.000
332.000	0.000	3008.988	7.606	2964.612	8.314	2773.485	10.945	2643.283	10.171	0.000	0.000	0.000	0.000	0.000	0.000	0.000	0.000	0.000	0.000	0.000	0.000	0.000	0.000
333.000	0.000	1704.111	0.398	0.000	0.000	0.000	0.000	0.000	0.000	0.000	0.000	0.000	0.000	0.000	0.000	0.000	0.000	0.000	0.000	0.000	0.000	0.000	0.000
334.000	0.000	1558.044	0.995	0.000	0.000	0.000	0.000	0.000	0.000	0.000	0.000	0.000	0.000	0.000	0.000	0.000	0.000	0.000	0.000	0.000	0.000	0.000	0.000
